100
200
300
400
600
900
1200
1700
2500
6000
8000
10000
15000
30000
40000
50000
70000
100000
120000
140000
250000
300000
350000
400000
500000
700000
1000000
1400000
1800000
2000000
2400000
2800000
3200000
3600000
4000000
4800000
5600000
8200000
9000000
11000000
14000000
25000000
45000000
70000000
90000000
110000000
130000000
150000000
170000000
350000000
500000000
650000000
800000000
900000000
1000000000
1100000000
1500000000
1700000000
2000000000
2000000000
2000000000
2000000000
2000000000
2000000000
2000000000
2000000000
2000000000
2000000000
2000000000
2000000000
2000000000
2000000000
2000000000
2000000000
2000000000
2000000000
2000000000
2000000000
2000000000
2000000000
2000000000
2000000000
2000000000
2000000000
2000000000
2000000000
2000000000
2000000000
2000000000
2000000000
2000000000
2000000000
2000000000
2000000000
2000000000
2000000000
2000000000
2000000000
2000000000
2000000000
2000000000
2000000000
2000000000
2000000000
2000000000
2000000000
2000000000
2000000000
2000000000
2000000000
2000000000
2000000000
2000000000
2000000000
2000000000
2000000000
2000000000
2000000000
2000000000
2000000000
2000000000
2000000000
2000000000
2000000000
2000000000
2000000000
2000000000
2000000000
2000000000
2000000000
2000000000
2000000000
2000000000
2000000000
2000000000
2000000000
2000000000
2000000000
2000000000
2000000000
2000000000
2000000000
2000000000
2000000000
2000000000
2000000000
2000000000
2000000000
2000000000
2000000000
2000000000
2000000000
2000000000
2000000000
2000000000
2000000000
2000000000
2000000000
2000000000
2000000000
2000000000
2000000000
2000000000
2000000000
2000000000
2000000000
2000000000
2000000000
2000000000
2000000000
2000000000
2000000000
2000000000
2000000000
2000000000
2000000000
2000000000
2000000000
2000000000
2000000000
2000000000
2000000000
2000000000
2000000000
2000000000
2000000000
2000000000
2000000000
2000000000
2000000000
2000000000
2000000000
2000000000
2000000000
2000000000
2000000000
2000000000
2000000000
2000000000
2000000000
2000000000
2000000000
2000000000
2000000000
2000000000
2000000000
2000000000
2000000000
2000000000
2000000000
2000000000
2000000000
2000000000
2000000000
2000000000
2000000000
2000000000
2000000000
2000000000
2000000000
2000000000
2000000000
2000000000
2000000000